Test acc,Training acc,Test time,Training time,Epochs,Training size,Batchsize,Learning rate,Momentum,EpochLrDecrease,Backprop prob,Seed,Hidden Units1
78,89.558235,0.0007615,0.0649632,3,498,45,0.0078061456,0.23873034,0.85355526,0.9816678,13236,46
79,84.09703,0.0006029,0.0203819,5,371,56,0.0049061063,0.48692507,0.8309506,0.9537449,87052,40
75,69.44444,0.000415,0.0117487,5,324,91,0.003681623,0.34052777,0.8203189,0.891844,19666,23
75,85.39945,0.0005119,0.0265976,5,363,30,0.0021051224,0.34544015,0.82163644,0.9535438,71247,44
71,80.56426,0.0032064,0.0123535,4,319,61,0.009445921,0.16070992,0.8378706,0.99955785,73617,21
73,85.51069,0.0008221,0.0234923,4,421,43,0.0069604986,0.54365003,0.8697046,0.9684036,35601,32
80,92.30769,0.0007661,0.0363074,4,403,21,0.0072539463,0.1317001,0.86011803,0.9834668,38640,34
68,75.255104,0.0003288,0.0187478,3,392,85,0.0059081744,0.2753285,0.80924547,0.9270432,79843,48
76,87.62626,0.0003159,0.0098216,3,396,38,0.007851927,0.5192705,0.8771091,0.88227296,64579,32
79,93.534485,0.0002396,0.0113674,4,464,35,0.0073507843,0.41370425,0.8939984,0.99420124,47690,46
78,80.54711,0.0002295,0.0085168,5,329,48,0.0054908707,0.31729335,0.84539014,0.8195396,3841,47
73,71.25,0.0002315,0.0076824,5,400,81,0.00985431,0.44748732,0.80659395,0.8529062,74591,46
80,85.19313,0.0002224,0.0093853,4,466,48,0.009906916,0.5156966,0.8491455,0.92704195,20732,28
70,70.61311,0.0002649,0.008837,4,473,80,0.0044598887,0.105126075,0.8151343,0.8397045,66344,20
65,76.98864,0.0002688,0.0051682,3,352,65,0.00954577,0.46073857,0.8845301,0.8951918,38573,23
69,64.40129,0.0002214,0.0032595,3,309,84,0.0054036607,0.21538632,0.84320855,0.8314361,69142,27
68,79.47883,0.0003171,0.0057028,3,307,48,0.0043987143,0.36466426,0.8551852,0.81371343,29859,50
78,88.34952,0.0002522,0.0072556,4,309,37,0.0062399027,0.40469643,0.802155,0.88178205,36826,36
72,79.90074,0.0003038,0.0098483,4,403,99,0.008190127,0.30915618,0.8358091,0.96565926,72488,38
81,94.84241,0.0002399,0.0127009,5,349,18,0.00505601,0.5544903,0.87334055,0.8216571,60728,20
78,90.30928,0.0001958,0.0136539,5,485,60,0.0037785876,0.39025378,0.8649513,0.9831647,9198,40
80,90.10752,0.000228,0.0109378,5,465,44,0.0075376285,0.26119176,0.85627526,0.8207269,14334,38
75,82.666664,0.0002059,0.0065714,4,300,41,0.0058493074,0.2330854,0.8439714,0.9307106,43614,20
68,68.75,0.0002666,0.0105177,3,304,53,0.0036244385,0.45027715,0.8888527,0.807402,91342,33
82,94.55782,0.000255,0.0186491,5,441,14,0.006954903,0.19760971,0.8000488,0.8924446,81726,43
73,74.850296,0.0002943,0.0073065,3,334,27,0.0022369206,0.2773243,0.8634,0.8994797,1841,49
76,76.27119,0.0002334,0.0074459,5,354,99,0.005893887,0.28670174,0.8948651,0.8640049,15606,50
66,64.8294,0.0002156,0.0110384,5,381,36,0.0012251254,0.18632455,0.8143534,0.82648754,18565,25
73,81.97674,0.0002401,0.0054438,3,344,46,0.0044915853,0.57613945,0.8147064,0.9744626,80367,47
77,77.8481,0.0002399,0.0067552,4,474,81,0.0054756436,0.57803774,0.84858143,0.83689696,50591,25
66,68.63636,0.0002288,0.005803,3,440,86,0.009299091,0.594813,0.8480588,0.88096094,62702,34
70,76.483055,0.0002288,0.0127221,4,472,25,0.0018595253,0.188257,0.8911431,0.97626024,37936,23
74,81.04575,0.000212,0.0049552,4,306,96,0.007624413,0.35476145,0.84704053,0.93310606,16549,29
74,76.59575,0.0001952,0.0053952,3,376,48,0.0077978,0.31118673,0.85845304,0.8176601,72330,22
81,85.503685,0.0001882,0.0074622,4,407,62,0.007116368,0.46440956,0.870656,0.9883662,16313,26
73,75.968994,0.0002153,0.0101842,5,387,49,0.0020823712,0.3528745,0.87344366,0.86713,79327,37
81,76.22951,0.0002282,0.0073165,4,488,87,0.003709831,0.4221432,0.8341509,0.9732504,82584,23
76,76.61972,0.0002075,0.0058983,4,355,63,0.008974779,0.42566508,0.8987417,0.8772699,61665,31
81,92.39436,0.0001962,0.0090617,4,355,23,0.009359045,0.44637278,0.80223763,0.9531381,52849,36
78,75.963715,0.000203,0.0055309,3,441,64,0.008048676,0.31676352,0.82322377,0.8536036,10956,46
74,82.1656,0.0002189,0.0053734,3,314,29,0.0064493148,0.44555494,0.89269304,0.83640754,35771,44
73,66.97531,0.0002162,0.0039212,3,324,74,0.0078588575,0.42776918,0.8127462,0.8897662,56591,30
73,85.52036,0.0001896,0.0084287,4,442,61,0.0033509948,0.2375011,0.88116413,0.81554043,92914,26
76,70.21858,0.0002104,0.004408,3,366,86,0.0079874415,0.15057862,0.8075814,0.98217577,98658,23
78,86.53847,0.0002774,0.0156812,3,468,10,0.0044910414,0.28863445,0.88232803,0.8973408,77263,44
80,84.98986,0.0002646,0.007442,3,493,98,0.0057351813,0.4878039,0.87906307,0.8906307,95799,50
61,58.309036,0.000264,0.0054369,3,343,63,0.0012738721,0.27630314,0.8911002,0.8898531,33300,43
66,75.815216,0.0002397,0.0071035,4,368,66,0.0026716997,0.40910223,0.84622693,0.9012164,61004,22
68,62.17949,0.0002162,0.0039663,3,312,86,0.0035909987,0.58929473,0.85683954,0.93870604,72486,22
70,78.74396,0.0002365,0.0136824,5,414,28,0.002134397,0.34666798,0.8151434,0.8811619,63372,24
76,75.90618,0.0002392,0.0123369,5,469,69,0.0016958301,0.49563715,0.8537258,0.9825318,84933,44
56,55.1495,0.0002479,0.0038681,3,301,89,0.0016433644,0.44058114,0.88198626,0.83376575,26238,36
79,84.31373,0.0003649,0.0138779,4,408,64,0.005001144,0.43006703,0.8322883,0.9258999,77861,34
77,90.406975,0.0003663,0.0152095,4,344,20,0.002962572,0.56046885,0.87379867,0.84671795,32894,47
80,93.478264,0.000356,0.0152334,5,368,25,0.009692546,0.55616146,0.85294545,0.84812427,74777,40
80,91.71779,0.0002194,0.0099889,5,326,34,0.0092252325,0.55131775,0.80596626,0.9680395,38020,42
80,75.26427,0.0002461,0.0067971,3,473,68,0.004462651,0.2219044,0.8170207,0.9734221,79913,39
80,94.01993,0.000215,0.0065643,4,301,50,0.008465924,0.48381504,0.8522821,0.82486093,85920,38
71,79.672134,0.0002298,0.0044319,3,305,47,0.005009991,0.40713045,0.83049464,0.8792113,96519,43
73,75.501114,0.0001956,0.0086835,5,449,95,0.0041229757,0.40738454,0.86702335,0.95688534,8833,24
82,91.358025,0.0002415,0.0102204,3,486,20,0.006954689,0.5018426,0.828237,0.97609526,56836,22
75,68.50394,0.0002255,0.0059664,4,381,77,0.0041881236,0.1343489,0.87586254,0.8530033,87934,28
81,88.300224,0.0002241,0.0094805,3,453,18,0.008908642,0.19155279,0.8956016,0.8728312,76803,20
78,80,0.0002321,0.0072837,5,325,58,0.009803447,0.11451604,0.87033886,0.9053075,85859,24
74,79.1579,0.0002257,0.0072164,3,475,79,0.001941328,0.33211708,0.8081817,0.85297406,64842,44
76,78.42697,0.0002386,0.0076791,4,445,78,0.0046371496,0.21817519,0.87857956,0.9241537,14261,35
72,84.80243,0.0002097,0.0059165,4,329,78,0.0077388654,0.459641,0.83985096,0.96124095,36448,25
78,72.07638,0.0002296,0.0094405,4,419,71,0.006074495,0.11087305,0.88141996,0.98819065,406,38
77,90.274315,0.0002267,0.0076751,4,401,65,0.00672104,0.5342094,0.8034927,0.95936716,14068,45
69,74.34211,0.0001896,0.00668,5,304,65,0.0042389343,0.43942904,0.81665194,0.956703,41893,39
80,86.57407,0.000188,0.0081398,4,432,46,0.0080771865,0.1627502,0.86898154,0.9114506,32017,21
74,74.0113,0.000206,0.0076637,5,354,60,0.009958942,0.13599096,0.8007397,0.97218955,87542,21
86,91.51786,0.0002616,0.0084137,4,448,36,0.0077482043,0.55482227,0.8368563,0.82215136,65731,23
63,64.376595,0.0002133,0.0064106,3,393,37,0.0013783944,0.19781993,0.8416806,0.8136493,69070,26
73,78.208954,0.0002318,0.005169,3,335,43,0.007627637,0.3053423,0.8712612,0.97757065,94712,37
80,80.04032,0.0002047,0.0088231,4,496,64,0.0044977944,0.34834397,0.87174046,0.8398318,19119,24
58,45.12987,0.0002312,0.0064789,3,308,81,0.007888796,0.2863794,0.88096344,0.99219424,22681,38
69,77.5,0.0002309,0.0055367,3,360,44,0.0035330935,0.52685213,0.8057628,0.8494856,85443,21
80,91.36069,0.0002369,0.0110174,5,463,64,0.005589886,0.3660572,0.8896104,0.92235637,73251,48
71,76.01078,0.0002372,0.0067687,4,371,56,0.007881895,0.104820326,0.8682456,0.81139404,75237,21
81,93.34719,0.0002474,0.0085127,4,481,59,0.0063197105,0.5795604,0.85822994,0.814661,85067,48
78,91.15854,0.0002137,0.0105313,5,328,27,0.003948901,0.40832314,0.8907869,0.8555617,82315,41
70,73.19277,0.0001928,0.0042194,3,332,74,0.005816906,0.2201044,0.8886531,0.8969559,40011,24
73,85.01362,0.0002122,0.0102406,3,367,13,0.0057597253,0.15374902,0.8141793,0.839551,77238,32
63,67.202576,0.0002155,0.0060766,4,311,59,0.0017241369,0.10030485,0.8068437,0.92325056,61067,22
70,82.22222,0.0001976,0.0050099,4,315,73,0.004787646,0.58149695,0.8149898,0.895884,4702,21
79,86.49351,0.0002332,0.0080935,3,385,20,0.009476652,0.232134,0.8647776,0.9271605,47484,36
72,77.86667,0.0002357,0.0074135,4,375,57,0.0028252401,0.12960318,0.8398291,0.893909,45995,42
82,87.9717,0.0002511,0.0080471,4,424,57,0.009651745,0.27578226,0.80383784,0.894956,75220,50
81,92.27166,0.0001842,0.0119892,3,427,11,0.009671022,0.49024925,0.8138588,0.8596615,41038,39
76,87.53462,0.0002578,0.0075969,5,361,86,0.0072248867,0.10882899,0.84298927,0.9190114,31896,43
75,88.27361,0.0002086,0.0104294,5,307,20,0.004467001,0.5715749,0.8255303,0.95266557,11672,20
77,66.76301,0.0002651,0.0041166,3,346,99,0.005741276,0.54749453,0.8073754,0.8286578,55665,50
84,90.18405,0.0002214,0.0242883,5,489,11,0.0035464386,0.42485237,0.8467132,0.93977654,98455,26
76,85.12659,0.0002311,0.0080444,5,316,60,0.0024031503,0.2715982,0.8607456,0.8899355,56229,50
83,92.57028,0.0002042,0.0109945,4,498,23,0.009284258,0.49407467,0.87413967,0.86162025,78450,28
65,76.97517,0.0001755,0.0069036,4,443,99,0.0058932365,0.1911582,0.85179794,0.9141382,86719,28
73,85.36585,0.0002219,0.0072992,4,369,69,0.009759215,0.16318847,0.827838,0.8319572,65699,45
82,91.1271,7.58E-05,0.0116794,5,417,41,0.003836016,0.17877743,0.8502759,0.8388367,85599,49
81,88.469604,9.1E-05,0.0089303,5,477,46,0.0034485646,0.35583898,0.89757496,0.8616053,78765,29
76,87.666664,7.67E-05,0.0085418,4,300,18,0.0066092405,0.1723991,0.81179357,0.92957574,71665,44
78,94.670845,6.43E-05,0.004785,5,319,34,0.008657842,0.5481055,0.823959,0.97728497,59813,50
77,75.98784,7.36E-05,0.0017709,4,329,100,0.006471534,0.3045963,0.87802386,0.95586765,19867,35
48,51.412426,6.77E-05,0.0014925,3,354,90,0.0074748495,0.13473256,0.80092764,0.84183335,83120,42
70,60.43011,6.73E-05,0.0018857,3,465,78,0.008432432,0.5087683,0.8549067,0.8899892,68363,25
81,94.25051,7.73E-05,0.0086286,5,487,21,0.008356554,0.13816355,0.81655186,0.9852914,21127,46
82,92.32365,6.73E-05,0.0064291,5,482,29,0.008092706,0.37362093,0.889103,0.99061817,55374,39
66,67.81326,7.18E-05,0.003345,4,407,41,0.0012557389,0.16192496,0.8553372,0.86408305,58250,28
77,87.64045,5.18E-05,0.0022347,4,356,69,0.007862882,0.3609789,0.8878845,0.899278,51700,32
84,93.67682,5.93E-05,0.0031217,4,427,61,0.009152928,0.3857216,0.83507156,0.93742144,6055,37
78,83.878,6.32E-05,0.0039403,3,459,25,0.0033707954,0.14856282,0.8603413,0.82214797,40182,37
64,65.864334,5.31E-05,0.002244,4,457,99,0.009143773,0.3265875,0.89233285,0.8175741,68791,35
75,62.34414,9.78E-05,0.0019776,3,401,70,0.0018860591,0.42463103,0.82974166,0.9023645,43630,31
77,80.379745,5.27E-05,0.0020289,3,474,76,0.009047584,0.37510988,0.84270644,0.8830956,2036,22
78,90.98901,7.82E-05,0.0103271,5,455,12,0.0065399725,0.14714509,0.8129446,0.9023124,69798,39
71,81.097565,5.46E-05,0.002614,4,328,44,0.0053837276,0.16551197,0.8253625,0.8752819,82224,36
82,88.68361,7.76E-05,0.0049045,5,433,31,0.008836801,0.21473987,0.8666054,0.8791135,76753,41
80,90.61834,7.93E-05,0.0041886,3,469,21,0.006948082,0.57003844,0.82108396,0.91830945,52951,29
78,90.53498,4.78E-05,0.0049351,5,486,39,0.007591155,0.15003449,0.89877295,0.9467598,86743,33
73,85.51136,6.75E-05,0.0028299,3,352,31,0.00818904,0.37095225,0.88619816,0.99837005,72462,28
81,79.27631,7.89E-05,0.0019246,4,304,68,0.008401542,0.11186154,0.8494274,0.92997605,47044,30
79,87.84648,5.43E-05,0.0029461,5,469,88,0.007944596,0.47044048,0.8333041,0.8893635,27110,23
79,91.70507,6.75E-05,0.0027713,4,434,72,0.0072010327,0.2371387,0.80967784,0.80748135,9819,36
75,67.285385,7.97E-05,0.0021068,3,431,89,0.0027243593,0.5702599,0.88660175,0.97403723,95633,47
82,93.71069,7.08E-05,0.0058525,5,318,18,0.009890914,0.33879885,0.86240095,0.95986986,61335,46
78,92.26667,7.7E-05,0.0055116,5,375,20,0.0076355725,0.49988356,0.86398345,0.83286816,62376,39
78,75.201614,7.51E-05,0.004296,5,496,64,0.0016038548,0.14180422,0.8203427,0.9748029,6785,41
73,88.28571,9.36E-05,0.0047406,4,350,19,0.004795343,0.39838997,0.8106267,0.87536645,20440,41
74,83.09859,6.69E-05,0.0042469,5,355,31,0.0037660627,0.13016681,0.80398035,0.9543343,87374,23
81,93.73041,6.97E-05,0.0056111,5,319,17,0.009730098,0.41693193,0.86821485,0.9509383,82999,41
77,91.40812,5.21E-05,0.0033936,4,419,52,0.006813919,0.40823054,0.875696,0.81461596,77115,20
85,74.044266,5.74E-05,0.0030596,5,497,84,0.003700296,0.53319585,0.80702114,0.86553985,78979,23
73,91.45728,4.93E-05,0.0052767,3,398,11,0.009039168,0.357107,0.801137,0.83200914,59806,33
79,80.41237,6.22E-05,0.0024593,4,388,70,0.004761169,0.43735206,0.86150014,0.84626055,45476,30
74,84.68208,5.87E-05,0.0040576,4,346,48,0.009217353,0.4242785,0.84634304,0.9659556,10602,23
81,79.48718,5.4E-05,0.0028358,5,429,74,0.0066622687,0.49557513,0.8904719,0.82546914,87727,27
76,80.14018,7.99E-05,0.0033495,5,428,96,0.0044506923,0.18854997,0.80801386,0.8784049,73700,44
66,68.60465,6.64E-05,0.0052026,4,344,15,0.0016691365,0.19590369,0.8900035,0.86459166,87610,33
45,39.739414,5.49E-05,0.0011752,3,307,84,0.00859319,0.22740546,0.88164294,0.9838733,52201,21
76,87.94788,6.67E-05,0.0039176,4,307,23,0.0060539567,0.3375403,0.84103256,0.94483846,94622,44
80,89.04959,6.49E-05,0.0042306,4,484,31,0.007158252,0.24330388,0.8286609,0.96213096,64018,22
76,87.78281,7.09E-05,0.0054397,4,442,24,0.0041483734,0.12036609,0.8696389,0.8266054,60398,39
67,57.894737,7.04E-05,0.0013662,3,342,92,0.0059610577,0.23863815,0.8771312,0.898889,15747,28
64,79.16667,7.79E-05,0.0017487,3,360,71,0.0025512388,0.52217364,0.84632856,0.85831076,61873,24
73,92.61214,5.41E-05,0.0043509,3,379,14,0.009195829,0.48263258,0.87540424,0.8698139,44725,25
76,67.20779,8.84E-05,0.0016531,3,308,70,0.009081806,0.20304039,0.81339246,0.87173754,94179,30
79,82.678986,5.35E-05,0.0056411,3,433,12,0.002983717,0.29416108,0.8838544,0.9987786,15591,24
73,81.84818,6.88E-05,0.00262,4,303,57,0.0029662468,0.4666046,0.82936424,0.9277697,11932,43
76,75.14124,5.27E-05,0.0027182,4,354,47,0.0022508767,0.39969888,0.8414812,0.92730165,39925,26
79,81.462135,8.79E-05,0.0026376,4,383,69,0.005370632,0.35167918,0.88887537,0.9402502,73792,50
66,66.08695,7.82E-05,0.0028995,4,345,50,0.0016037322,0.1746665,0.8454381,0.8045454,98348,45
78,87.414185,7.18E-05,0.0048092,5,437,40,0.008792326,0.21940188,0.8547769,0.87625,74920,45
80,85.15406,6.33E-05,0.0046667,5,357,30,0.0041416376,0.384201,0.8233472,0.93119526,34351,40
82,84.53608,5.17E-05,0.0035676,5,388,39,0.008179047,0.18081509,0.81776303,0.823028,51583,33
62,71.51767,7.55E-05,0.0027236,3,481,80,0.0015509821,0.21498065,0.8145375,0.9939517,22744,43
82,89.238846,6.57E-05,0.0036475,4,381,37,0.00502322,0.42434534,0.8879725,0.92573947,67505,37
69,80.72289,6.8E-05,0.0071681,4,415,13,0.0022249676,0.34035543,0.83574677,0.86026347,87785,26
81,76,0.000105,0.0032843,5,425,86,0.008145009,0.3339682,0.8716762,0.8333556,40965,45
74,79.27631,6.87E-05,0.0025018,5,304,90,0.004540174,0.41389138,0.82845753,0.9960526,23006,42
82,95.679016,5.72E-05,0.0115224,5,486,10,0.0085956985,0.4722777,0.85693234,0.92219985,36277,25
77,77.565636,6.91E-05,0.0028365,4,419,75,0.0039880425,0.11993939,0.8198424,0.9954409,71222,48
82,90.53709,7.08E-05,0.0031154,3,391,30,0.0063295234,0.46602693,0.8639751,0.94216514,61731,36
73,78.94737,6.87E-05,0.0023673,5,323,95,0.005097506,0.23296182,0.8313764,0.96761036,48112,37
74,84.61539,5.79E-05,0.0035213,4,442,41,0.0054918244,0.16983488,0.81825703,0.85171944,70372,32
76,84.84849,5.38E-05,0.0025335,5,330,60,0.007841506,0.5369162,0.85827684,0.9556733,77837,21
77,90.909096,0.0001461,0.0060377,5,440,36,0.004751696,0.1555896,0.86086035,0.8388385,39836,46
83,86.44986,0.0003547,0.0074302,4,369,31,0.008521561,0.51561433,0.84856075,0.90757513,98768,35
74,86.5625,0.0001877,0.0061277,5,320,79,0.00267554,0.48120758,0.81825525,0.80336374,29298,31
70,68.94737,9.2E-05,0.0041697,4,380,78,0.0059220186,0.18633568,0.83929986,0.95988494,56655,33
83,90.4878,0.0001144,0.004949,3,410,29,0.006713207,0.24238943,0.8311088,0.8694562,60156,36
70,75.98685,0.0001192,0.0035062,4,304,96,0.0037607467,0.27964303,0.8783601,0.96646637,73202,21
82,94.57701,0.0001885,0.0074304,5,461,44,0.00986418,0.5992189,0.89308685,0.87501186,42018,30
79,90.21277,0.0001977,0.009773,5,470,34,0.0055508497,0.49922863,0.8318646,0.94813836,97645,35
84,82.494,0.0001257,0.0058293,5,417,75,0.005962576,0.31938162,0.80296725,0.8403709,41536,29
78,87.89144,6.71E-05,0.0037104,3,479,36,0.009516535,0.44455224,0.8934737,0.90531844,44798,34
76,90.17857,0.0001182,0.0032735,5,336,46,0.0058524897,0.38100964,0.8610344,0.84210455,45884,35
77,88.679245,7.32E-05,0.0046773,4,424,32,0.00329611,0.53555655,0.87098265,0.92110425,73659,35
68,73.31888,9.6E-05,0.0037008,3,461,53,0.0014678384,0.45121613,0.8431828,0.9276559,539,38
79,88.0814,9.06E-05,0.0042242,5,344,32,0.007856538,0.40474766,0.82890594,0.9200917,25433,21
79,89.090904,8.02E-05,0.0052808,3,330,13,0.0050045727,0.46317694,0.82471603,0.9382146,26887,45
77,91.43577,8.01E-05,0.0027408,5,397,98,0.0043216906,0.596466,0.80751246,0.8674693,19506,26
79,90.35812,5.93E-05,0.0069081,5,363,13,0.0062287096,0.19990425,0.8648114,0.81840396,37320,21
60.000004,56.282722,7.15E-05,0.0016592,3,382,79,0.0022644291,0.1541939,0.8558823,0.874098,815,36
79,82.53521,4.57E-05,0.0039046,5,355,30,0.005368283,0.2269114,0.8271683,0.85393566,54083,22
79,83.05556,0.0001147,0.0034977,3,360,20,0.0031907544,0.26478568,0.8916472,0.9110824,76261,35
72,77.3842,0.0001108,0.0032541,4,367,49,0.0018404371,0.42973945,0.87754273,0.9139061,61486,29
70,66.853935,7.31E-05,0.001724,3,356,73,0.004976264,0.34774575,0.80991375,0.98248976,79821,41
70,72.60274,6.46E-05,0.0025029,4,365,63,0.003327755,0.28881854,0.8344412,0.9840551,1262,28
85,88.88889,6.11E-05,0.0041701,4,414,36,0.00626275,0.40206885,0.81192577,0.9505855,89622,38
61,75.675674,7.19E-05,0.0025811,4,333,46,0.00233112,0.21006842,0.8410743,0.8163735,12267,25
80,92.799995,5.81E-05,0.0027674,5,375,75,0.00563221,0.21952339,0.8421259,0.8258613,97004,34
77,58.375633,6.2E-05,0.0015883,3,394,99,0.0066579347,0.47485784,0.8463246,0.89760184,19480,49
78,87.706856,6.24E-05,0.004246,5,423,37,0.0038053775,0.5126926,0.891031,0.8938177,64590,22
70,70.22654,8.13E-05,0.0027123,5,309,66,0.0025124548,0.23042984,0.8375186,0.9589662,38389,40
79,84.27673,6.86E-05,0.0028722,3,477,63,0.009851946,0.34286597,0.81258196,0.88271874,74715,43
82,94.36997,6.6E-05,0.0063162,4,373,14,0.0076428573,0.5817879,0.84925663,0.98434657,13691,31
56,31.592688,5.63E-05,0.0014804,3,383,79,0.0095403595,0.21220227,0.89013493,0.8308084,16940,26
76,90.57377,5.52E-05,0.0031033,5,488,96,0.0053913407,0.21893872,0.88231444,0.90506625,46814,20
72,71.823204,6.07E-05,0.0017504,3,362,89,0.009830578,0.46745795,0.83193475,0.9657471,72055,33
73,66.768295,6.87E-05,0.0019882,4,328,94,0.008417467,0.24485023,0.8249888,0.9737966,34358,30
80,81.34172,8.55E-05,0.0025871,3,477,89,0.003546672,0.4901929,0.86311233,0.87347656,17062,44
75,88.16326,6.99E-05,0.0049144,5,490,68,0.005156351,0.26142535,0.86680144,0.8689763,39307,30
72,84.31373,8.67E-05,0.0030982,3,408,39,0.008486812,0.42832398,0.8233021,0.95222485,12554,26
82,96.38243,7.1E-05,0.0064083,4,387,16,0.009856747,0.56565285,0.8484646,0.83536696,40735,38
67,70.53292,7.27E-05,0.0034587,5,319,40,0.0014073813,0.5438614,0.8483122,0.85095423,91758,24
80,92.291664,6.55E-05,0.0059709,3,480,14,0.0087092435,0.41858494,0.8709896,0.93294466,63729,33
65,67.72152,7.7E-05,0.0025647,5,316,68,0.0021424638,0.20272325,0.87237245,0.86944777,96330,21
72,72.21007,6.93E-05,0.0023849,3,457,91,0.009387604,0.55698085,0.8725499,0.87071013,24283,34
84,90.93137,6.16E-05,0.0043469,4,408,31,0.0096329395,0.18617302,0.80165565,0.9518418,38947,33
69,85.01529,7.63E-05,0.0030743,4,327,53,0.0055167773,0.41748342,0.8137816,0.8519709,70300,29
66,68.04124,9.97E-05,0.0028037,5,388,99,0.008301469,0.55701435,0.8264989,0.9597054,44950,26
66,75.88076,6.72E-05,0.0038807,4,369,33,0.0020885845,0.2246784,0.8450607,0.86301965,96777,25
72,81.86398,6.38E-05,0.0054078,4,397,24,0.0017928198,0.26989996,0.8642667,0.92818457,83428,33
79,76.296295,8.3E-05,0.0037457,5,405,86,0.009904798,0.29585356,0.82719505,0.82914376,51083,43
80,81.7734,0.0001211,0.0041494,5,406,71,0.00680192,0.21976314,0.87630737,0.8933067,38738,40
81,94.38776,9.89E-05,0.0055283,5,392,39,0.008121223,0.35311627,0.8142619,0.97217077,43885,41
79,89.34426,4.91E-05,0.0033998,4,366,35,0.008494055,0.38379985,0.81495506,0.9567321,58386,33
69,56.75676,7.92E-05,0.0023056,3,444,80,0.0016391969,0.14182162,0.8070665,0.81043905,1914,27
74,74.18604,9.44E-05,0.0024503,3,430,94,0.0059726257,0.44578943,0.8235339,0.99015945,82792,46
70,80.46272,8.15E-05,0.0031522,3,389,42,0.0031687152,0.3085238,0.87797415,0.9827837,77328,39
87,82,6.24E-05,0.0041622,5,500,63,0.0075339973,0.3397726,0.8671624,0.9004147,95398,33
67,67.64706,6.92E-05,0.0023501,5,306,87,0.008635849,0.13784927,0.87867737,0.99797773,93555,32
78,86.038956,6.84E-05,0.0039027,4,308,26,0.0055409507,0.5712307,0.8403112,0.9345201,26356,49
76,85.927505,6.99E-05,0.0028534,3,469,46,0.0075678616,0.4922851,0.8266846,0.8688633,15832,24
85,76.666664,0.000111,0.0033765,5,390,67,0.0069927205,0.3764572,0.89148706,0.9424408,36506,26
73,82.40741,0.0001009,0.0042235,4,432,51,0.0024088789,0.41675058,0.82939863,0.81815153,5774,40
68,67.84232,7.68E-05,0.0028042,3,482,64,0.0010006829,0.28421205,0.8434232,0.82998174,90431,32
71,66.82692,0.0001116,0.0022409,3,416,84,0.0046881298,0.30839995,0.8141363,0.9143407,76127,29
77,72.7027,5.39E-05,0.0026418,5,370,76,0.006133467,0.118535,0.8714682,0.84504026,91305,32
84,94.76082,8.28E-05,0.0089465,5,439,17,0.008859525,0.29124704,0.80817544,0.88508755,20986,50
73,81.55737,8.28E-05,0.0056091,4,488,37,0.001786081,0.1954558,0.8923383,0.8811445,87294,34
69,74.61301,9.09E-05,0.0024162,4,323,99,0.0022692606,0.28507364,0.81875604,0.9295845,80783,41
73,87.22892,8.4E-05,0.0027933,3,415,58,0.005699752,0.4820581,0.86227685,0.96229607,93921,36
68,62.568306,8.5E-05,0.0024897,3,366,55,0.0018210285,0.23113821,0.8130964,0.9252574,91994,39
76,89.42529,6.97E-05,0.0031211,4,435,87,0.00805893,0.3333394,0.88449824,0.94197863,11388,34
82,86.07595,8.81E-05,0.0039519,4,474,54,0.009511098,0.2536603,0.8303936,0.9723097,72045,33
72,83.92484,5.86E-05,0.0080123,5,479,25,0.0021601915,0.22197874,0.8742319,0.8030762,52443,23
72,87.192116,7.64E-05,0.0025892,3,406,81,0.009003528,0.5076764,0.8965138,0.8822221,38793,42
58.999996,69.06976,7.6E-05,0.0086763,4,430,12,0.0016350871,0.2120698,0.887403,0.92645335,31115,21
68,60.377357,9.17E-05,0.0016258,3,318,89,0.008104681,0.23534918,0.8621896,0.991817,84875,30
77,74.67363,5.7E-05,0.0028484,4,383,57,0.0032082042,0.5087977,0.83936733,0.9159337,30420,20
81,86.472145,0.0001206,0.0033965,4,377,59,0.006895242,0.3936641,0.8961723,0.8106144,79823,44
71,72.584854,8.28E-05,0.0025132,3,383,58,0.0019790486,0.29967356,0.84596014,0.83014977,67884,50
65,65.129684,9.92E-05,0.0022295,4,347,87,0.0066467286,0.5556978,0.8020477,0.9913989,40182,44
80,81.54158,9.95E-05,0.0040692,4,493,74,0.007813849,0.40808758,0.8105903,0.9418599,71347,45
69,64.26593,8.64E-05,0.0020888,4,361,94,0.008282964,0.10394964,0.86860126,0.8715419,28398,41
81,92.6078,7.72E-05,0.0136107,5,487,12,0.005628455,0.32010004,0.80807954,0.98924476,50702,37
75,85.983826,8.26E-05,0.0034608,3,371,36,0.005373,0.26936156,0.8188396,0.9978342,11791,48
77,80.04158,8.66E-05,0.0043657,5,481,69,0.009928605,0.13819489,0.84776163,0.8719765,44953,45
77,88.674034,9.18E-05,0.003769,5,362,89,0.0059707747,0.1212862,0.89039886,0.81460446,34436,46
82,79.913605,9.18E-05,0.0046006,5,463,67,0.005456264,0.3338145,0.801915,0.9851781,47258,47
77,90.675995,5.67E-05,0.0024286,5,429,32,0.00781318,0.1550055,0.8891255,0.8269552,29362,20
76,85.4067,7.71E-05,0.002372,3,418,40,0.008130417,0.124390356,0.80113673,0.9987851,18170,40
66,77.2043,8.46E-05,0.0036266,4,465,14,0.0016787429,0.20509703,0.8323245,0.990597,61843,23
70,74.84849,9.57E-05,0.001577,3,330,57,0.005718062,0.32227296,0.8392093,0.9001874,95505,41
78,88.77551,5.09E-05,0.0034962,5,392,24,0.0031895533,0.48141277,0.80644554,0.90802234,72776,32
63,60.04141,7.42E-05,0.0017394,3,483,99,0.008584805,0.2385661,0.8467151,0.96103466,58518,36
62,55.1495,7.02E-05,0.0013559,4,301,84,0.0027316585,0.1372592,0.80158883,0.82765764,30769,21
76,80.50848,6.88E-05,0.0034531,5,354,40,0.0045449818,0.13460986,0.8285878,0.98432666,88454,44
72,84.90566,8.36E-05,0.0026235,4,371,89,0.0034700255,0.24881256,0.82429475,0.940991,54631,47
77,76.4526,6.44E-05,0.0016101,4,327,47,0.009522483,0.11128508,0.83648604,0.898574,21141,23
77,89.50893,7.05E-05,0.0035148,5,448,88,0.007995149,0.12274387,0.81983536,0.9996438,93041,42
77,86.88525,6E-05,0.0027325,5,427,51,0.0038153897,0.23649076,0.8501138,0.9197284,13581,32
81,93.693695,8.58E-05,0.0030536,4,444,49,0.009400559,0.4107216,0.83750486,0.9231861,4014,38
80,87.27735,6.91E-05,0.0018955,3,393,29,0.007295685,0.57522184,0.8183458,0.95071554,4568,35
76,89.96865,6.73E-05,0.0032875,5,319,18,0.008846101,0.1619751,0.8124696,0.9134097,37826,41
75,86.504425,6E-05,0.0027907,3,452,27,0.008488711,0.14612272,0.87506986,0.8779168,63064,48
65,68.695656,5.69E-05,0.0017838,4,345,22,0.0014899132,0.46468797,0.8951664,0.80669886,60221,20
79,93.20595,6.18E-05,0.0024549,4,471,39,0.008693548,0.50787115,0.87301135,0.81086147,76227,25
76,79.54023,6.77E-05,0.0026088,3,435,23,0.0018814998,0.46741286,0.8880687,0.9782432,68962,39
72,65.50976,7.43E-05,0.0019075,3,461,67,0.0011941264,0.45474166,0.8700476,0.98862123,12250,36
82,88.66995,0.000105,0.0031325,4,406,56,0.0061113345,0.14383714,0.8258541,0.8092787,72205,47
79,91.78645,7.59E-05,0.0037107,4,487,27,0.0075398856,0.19069219,0.8459043,0.9850344,92740,28
68,73.297,8.29E-05,0.0018324,3,367,43,0.0013230282,0.5310228,0.8513539,0.9340339,95663,34
78,79.66805,7.34E-05,0.0036518,5,482,75,0.0022477095,0.17159733,0.8040522,0.88536584,14488,35
80,69.502075,6.23E-05,0.0020552,4,482,97,0.0065641855,0.4212184,0.8083666,0.96740574,36924,32
81,87.42268,6.11E-05,0.0023643,4,485,77,0.0058444464,0.5515801,0.87697583,0.86144865,59396,34
82,89.2779,7.77E-05,0.0047727,5,457,20,0.0027551726,0.5689988,0.8567086,0.8846738,83980,49
76,81.86275,7.18E-05,0.0025102,4,408,77,0.0034233157,0.20901597,0.8696294,0.84477586,6506,48
75,84.86647,7.82E-05,0.0026539,5,337,60,0.0052908333,0.52782965,0.88559985,0.9124385,21284,40
77,88.25996,5.95E-05,0.0022103,4,477,77,0.0069387536,0.4296348,0.899377,0.8890166,58090,21
58,64.26426,6.88E-05,0.0017264,4,333,100,0.001064395,0.5151473,0.876786,0.8415445,95246,34
78,85.75269,9.77E-05,0.0026684,3,372,18,0.005903947,0.18983965,0.8961549,0.81515056,65071,47
73,87.43017,0.0001036,0.0034191,5,358,23,0.0028327235,0.4590644,0.837653,0.8428722,73832,23
77,91.5625,0.0001145,0.0038716,5,320,44,0.0045163045,0.52506506,0.8846682,0.98583806,3871,44
74,83.888885,0.0001032,0.0023315,3,360,44,0.0027292564,0.5746009,0.8866716,0.86418056,85097,42
74,87.42331,7.36E-05,0.0021613,3,326,36,0.009085855,0.49947453,0.8230086,0.9516284,72601,27
81,79.35871,8.39E-05,0.0031845,4,499,50,0.009180756,0.16108622,0.8002236,0.8591897,43766,27
70,76.03306,0.0001127,0.0022756,4,363,85,0.009375735,0.41156033,0.8743199,0.8852716,30388,29
78,87.015945,0.0001079,0.0039223,4,439,86,0.0041994113,0.37563536,0.83737916,0.97130793,59209,28
75,83.68984,9.86E-05,0.0047469,5,374,21,0.0031798792,0.5100253,0.85511273,0.99120575,21221,25
77,72.672066,7.53E-05,0.0028514,3,494,74,0.0031942038,0.13127738,0.85144645,0.85936755,9996,36
78,88.92308,6.84E-05,0.0039588,4,325,23,0.0028867538,0.48457807,0.84371626,0.95409465,56049,44
78,93.21534,6.88E-05,0.0033177,5,339,27,0.009056882,0.54793876,0.86709154,0.91982836,5572,33
73,83.44519,0.0001133,0.005431,5,447,43,0.0016836551,0.4060552,0.8727113,0.8895049,15439,43
77,88.98551,0.0001068,0.0030501,5,345,37,0.007716126,0.32200134,0.8782492,0.9153593,43813,23
66,71.929825,8.98E-05,0.0023839,3,399,91,0.0037145957,0.11225002,0.85400754,0.8944194,20094,30
73,66.52174,0.0001671,0.0031244,3,460,95,0.004700583,0.31378266,0.85579973,0.8785621,65606,23
76,88.67522,6.95E-05,0.0028999,3,468,17,0.0056310454,0.56489086,0.8073461,0.94252557,83510,21
62,71.25382,7.81E-05,0.0024147,3,327,41,0.003430911,0.10995648,0.8643147,0.8719538,15953,39
78,89.23077,0.0001187,0.0027152,4,325,34,0.007465839,0.40681252,0.8101495,0.9448915,96397,31
78,83.287674,6.72E-05,0.0026389,5,365,84,0.007471933,0.25453487,0.85903263,0.8961629,48615,34
79,88.81579,0.0001045,0.0060888,3,456,10,0.0032296109,0.59689415,0.8915158,0.95779073,50112,47
80,90.51491,7.11E-05,0.0028538,5,369,51,0.005943131,0.46847528,0.898924,0.94626695,8195,28
75,76.72209,0.0001086,0.0021744,3,421,64,0.0058144336,0.43123966,0.87301064,0.9682184,12438,38
72,86.46865,6.18E-05,0.001628,4,303,57,0.008428285,0.45793647,0.84204996,0.85460263,23269,21
69,69.43005,0.000102,0.003097,5,386,43,0.0018096621,0.17233972,0.80665237,0.8494785,92947,34
71,76.666664,7.81E-05,0.001522,3,360,53,0.0073640323,0.37571278,0.83602124,0.9162934,75834,35
81,79.57245,9.87E-05,0.0025049,4,421,73,0.006632959,0.5258089,0.8064876,0.91746753,74523,48
76,85,0.000118,0.0021535,5,380,68,0.006263745,0.5779363,0.81854796,0.8009191,93709,35
67,75.914635,9.92E-05,0.004079,5,328,28,0.0016000692,0.21882258,0.83422625,0.8695342,41093,47
78,92.42105,0.0001025,0.0043549,5,475,42,0.0076096165,0.3147589,0.8965626,0.85650706,37316,41
71,74.03599,9.03E-05,0.0048161,4,389,13,0.0011107575,0.33401355,0.80632395,0.96036947,63446,43
69,71.15385,0.0001012,0.0018227,3,312,92,0.0072194934,0.21167862,0.8257953,0.89775264,79743,47
72,82.87671,5.61E-05,0.0026818,4,438,38,0.0023501322,0.55096775,0.87206155,0.8748564,22051,25
76,84.3318,4.88E-05,0.0017628,3,434,84,0.0061470876,0.50943154,0.87139225,0.92592466,38684,22
77,72.881355,7.49E-05,0.0028598,5,472,95,0.0051463167,0.41191104,0.82719415,0.97308934,68106,40
76,73.809525,0.0001987,0.0019747,3,420,49,0.001816601,0.48909593,0.88632375,0.8629837,8274,24
79,82.93269,7.87E-05,0.0024303,3,416,68,0.0029089907,0.45417425,0.8543367,0.9455424,78136,31
68,63.903744,9.46E-05,0.0020268,4,374,100,0.007007043,0.12970264,0.8875485,0.8990891,48885,30
73,81.7623,0.0001079,0.0026506,3,488,68,0.0026754055,0.4828937,0.80314296,0.8701237,94151,22
78,70.161285,5.2E-05,0.001901,4,372,76,0.005155835,0.51640564,0.8662482,0.81515104,1762,33
80,92.35808,6.23E-05,0.0028447,4,458,45,0.007860798,0.47404262,0.8747236,0.8226063,29107,30
77,64.03509,7.21E-05,0.0015588,3,456,94,0.006294309,0.43306875,0.81916666,0.9493218,43235,36
60.000004,65.269455,6.66E-05,0.001782,3,334,42,0.0016122399,0.18659511,0.8223374,0.9563613,98874,42
74,76.92308,3.96E-05,0.0021354,4,442,32,0.0020720805,0.39877677,0.8298484,0.8713897,76439,21
80,96.031746,7.16E-05,0.0035352,5,378,18,0.0057677585,0.5522078,0.8476264,0.90814507,47624,29
83,94.1691,4.51E-05,0.0035036,5,343,20,0.008138189,0.18069863,0.84082097,0.99710655,74299,36
77,82.484726,5.99E-05,0.0048243,5,491,29,0.0025112438,0.13250393,0.80287904,0.85497713,17537,39
77,95.61404,4.53E-05,0.0032809,5,342,18,0.0052906536,0.5522517,0.81299514,0.92838,75422,35
72,77.624306,5.43E-05,0.0013272,3,362,64,0.005970463,0.3410196,0.87010753,0.8277166,56590,34
78,92.30769,4.41E-05,0.0047868,5,442,13,0.0024049296,0.5489789,0.8222459,0.88224447,92621,33
82,83.86308,6.15E-05,0.0021542,4,409,48,0.00475575,0.35556188,0.89797753,0.9523015,45796,24
63,73.3119,6.74E-05,0.0015201,3,311,71,0.0071947933,0.1598407,0.8716501,0.97754055,39018,39
58.999996,58.46501,0.0001248,0.0020378,3,443,43,0.0013299736,0.1754892,0.8994633,0.9885627,80475,26
64,69.46779,4.52E-05,0.00139,3,357,89,0.0016825255,0.502032,0.85646534,0.8930937,58194,22
81,87.64568,0.0001427,0.0093835,5,429,50,0.006966496,0.22082157,0.846042,0.89591956,48865,50
72,81.818184,9.82E-05,0.0034406,4,374,21,0.0045892796,0.13752602,0.8735044,0.83572596,44779,25
74,79.74138,9.55E-05,0.0036366,4,464,84,0.009437907,0.23306587,0.86004066,0.83924055,79807,36
68,69.459465,0.0001007,0.0055512,4,370,100,0.007021884,0.14966024,0.81699914,0.8249821,62182,39
80,86.40777,8.29E-05,0.0039309,4,412,49,0.007933946,0.33556488,0.8053256,0.803387,33168,20
75,84.61539,9.5E-05,0.0034263,5,325,45,0.0023105317,0.4007007,0.89384896,0.8947171,82982,25
73,68.85246,7.5E-05,0.0025098,4,366,75,0.003763737,0.23295416,0.88114524,0.92582136,20503,48
71,78.19549,8.77E-05,0.0044298,5,399,47,0.0017661336,0.21099465,0.8664894,0.9900744,77396,25
82,88.32117,8.93E-05,0.0048691,5,411,22,0.004295667,0.45892173,0.82318264,0.9588726,7660,32
70,73.125,0.0001071,0.0046901,5,480,98,0.0042526247,0.12781306,0.80269974,0.8337584,70980,48
69,79.66574,5.06E-05,0.0041206,5,359,12,0.0017407234,0.26726326,0.8560163,0.8300446,76637,23
77,89.93964,8.3E-05,0.0038151,5,497,97,0.0042211222,0.13271748,0.89813447,0.88054866,9789,47
73,74.51613,8.33E-05,0.0023065,5,310,90,0.0029514995,0.41452262,0.88226855,0.85680336,58809,50
80,74.85876,7.37E-05,0.0020345,5,354,71,0.0078423,0.47159782,0.89523166,0.83699876,49829,40
74,77.45098,8.67E-05,0.0020512,4,306,45,0.003399455,0.534646,0.8642208,0.9440635,84484,31
83,85.77681,0.000105,0.0040762,4,457,61,0.0038455543,0.5031332,0.8867151,0.8166655,74206,46
72,79.69433,0.0001303,0.0037842,4,458,84,0.009766266,0.5316362,0.88085353,0.90655386,64319,31
64,69.08602,7.36E-05,0.0025829,4,372,81,0.00200859,0.5262793,0.8108711,0.93985534,49698,21
79,90.640396,4.9E-05,0.0035424,4,406,14,0.00411453,0.23280174,0.87686276,0.9596182,87320,37
84,89.618645,8.16E-05,0.0032943,3,472,17,0.0063163624,0.375214,0.81343794,0.8177147,72433,45
78,87.87062,6.29E-05,0.0024026,3,371,12,0.009224831,0.457425,0.87143224,0.8337987,42941,28
71,80.456024,7.15E-05,0.0015929,3,307,74,0.0063218833,0.3310225,0.8189415,0.98164296,16315,43
83,89.00415,5.45E-05,0.0023735,3,482,37,0.004388889,0.35604072,0.84533,0.99598044,6456,34
68,75.4717,5E-05,0.0017138,3,424,83,0.0023061468,0.13539732,0.80950063,0.8895314,837,36
80,79.67742,5.57E-05,0.001624,5,310,68,0.006129362,0.43076622,0.82687676,0.8043899,40135,32
69,79.21478,8.3E-05,0.0032058,5,433,82,0.0019079819,0.28516847,0.82498205,0.9176279,41671,30
79,90,6.72E-05,0.0029664,4,390,29,0.0055464334,0.38908696,0.84446925,0.84007764,51411,49
72,77.23077,6.44E-05,0.0017255,4,325,75,0.009009952,0.10426887,0.827497,0.82477975,19551,34
77,85.99563,6.06E-05,0.0028777,4,457,21,0.0018747493,0.53015524,0.87221074,0.8386235,28667,25
81,90.20409,4.61E-05,0.0052428,4,490,17,0.008253596,0.21712111,0.8961533,0.99193746,58346,50
83,91.42857,4.67E-05,0.0020457,4,385,31,0.00692959,0.5429468,0.84654814,0.97074693,16152,23
79,83.711334,7.37E-05,0.0029931,4,485,55,0.009415406,0.16055028,0.86711675,0.83819675,94820,50
79,87.974686,6.62E-05,0.0045138,4,474,24,0.0030355626,0.47290966,0.88870746,0.80347574,69226,50
70,77.80083,6.77E-05,0.0022189,3,482,52,0.0024767327,0.14920507,0.82786125,0.8758006,67434,26
78,90.39666,6.38E-05,0.0030167,4,479,21,0.005443091,0.5626768,0.89867944,0.9689991,99841,25
73,89.51613,4.73E-05,0.0019771,4,372,62,0.0056610163,0.15337309,0.8070242,0.8395092,3094,32
70,73.190346,9.64E-05,0.0024193,5,373,34,0.002209958,0.3984352,0.80994195,0.8207937,98919,22
75,81.369865,5.95E-05,0.0019562,4,365,55,0.006671028,0.3121978,0.8675707,0.83815145,61174,27
76,87.94118,6.1E-05,0.001453,3,340,68,0.006796412,0.4953536,0.8940135,0.8773953,50748,35
76,88.49372,5.69E-05,0.0024773,4,478,94,0.009475834,0.48662823,0.80112505,0.86652994,88239,39
77,89.97773,9.63E-05,0.0060257,4,449,12,0.0049461974,0.1168386,0.83877254,0.93699425,2909,47
78,73.5363,0.0001245,0.0023885,3,427,64,0.0039792634,0.1420455,0.8076706,0.96706486,55449,45
66,69.14153,6.57E-05,0.0018353,4,431,90,0.0037838903,0.3150909,0.80969,0.8660236,29506,21
75,75.78288,9.98E-05,0.0025824,5,479,100,0.0019569849,0.59924847,0.8390036,0.881061,94955,33
68,68.24147,7.02E-05,0.0026368,5,381,82,0.0017476521,0.13984428,0.8926019,0.95172507,35043,30
75,85.63536,6.49E-05,0.0020998,3,362,59,0.0043618786,0.39880565,0.8723298,0.9031832,84228,47
75,87.926506,7E-05,0.0030017,5,381,73,0.009169712,0.30049708,0.8955273,0.8634403,63830,43
76,82.06897,6.2E-05,0.0021248,3,435,51,0.006979003,0.52759284,0.8909939,0.9426497,86929,29
77,85.909096,8.52E-05,0.0033859,5,440,88,0.0029421288,0.23069143,0.8344024,0.88408095,80780,31
69,81.339714,4.27E-05,0.0017186,3,418,59,0.002518566,0.24652287,0.8050568,0.9725038,58738,33
80,85.21561,6.6E-05,0.002548,4,487,49,0.008391341,0.47245246,0.89725345,0.9637949,56138,23
82,88.836105,9.56E-05,0.0029675,5,421,49,0.00801092,0.4903205,0.83318263,0.93292165,94558,35
74,84.30107,6.28E-05,0.0027149,3,465,37,0.003165303,0.47910133,0.81429267,0.9464341,24290,41
75,82.51928,6.32E-05,0.0035947,5,389,36,0.0024111324,0.39923242,0.8564343,0.9948876,19807,30
79,92.85714,5.85E-05,0.0040101,5,476,31,0.0034199853,0.5539849,0.86800987,0.87598133,99622,39
81,85.04673,4.22E-05,0.0015784,3,428,59,0.0070722317,0.4628259,0.89346486,0.98852104,90652,32
67,61.32075,7.41E-05,0.001321,3,318,64,0.0056341323,0.106243655,0.84849536,0.8953317,63366,41
78,86.2213,8.12E-05,0.0028564,4,479,74,0.0062427833,0.46232483,0.83510697,0.89936054,66791,42
76,78.44828,7.88E-05,0.0019118,4,348,63,0.0064340257,0.40060812,0.8036432,0.90070343,43357,29
84,93.403694,6.94E-05,0.0042277,5,379,28,0.0071152914,0.53553754,0.8202213,0.9772524,47211,45
82,85.65656,5.27E-05,0.0023055,4,495,77,0.007256622,0.4427428,0.88232154,0.8291227,13964,38
73,71.31148,8.62E-05,0.002134,3,488,90,0.009804775,0.14866905,0.8061226,0.892097,2110,46
76,75.409836,5.53E-05,0.0017006,5,305,66,0.009842365,0.31023887,0.8966989,0.92820376,78854,22
85,89.460785,7.64E-05,0.002778,5,408,78,0.008776628,0.44650102,0.87562895,0.84496737,20614,30
80,90.625,5.41E-05,0.0028493,5,384,24,0.004510584,0.112102635,0.80411834,0.86766,4769,20
66,81.62162,5.76E-05,0.0037155,5,370,11,0.0020892604,0.2081597,0.8095042,0.98305357,39198,25
76,93.27549,6.09E-05,0.0025245,5,461,64,0.008200476,0.47217456,0.88429254,0.835423,47318,35
66,76.21146,5.92E-05,0.0052222,5,454,24,0.0012514906,0.18448375,0.87503326,0.9825867,5983,50
76,87.07124,5.93E-05,0.0024555,3,379,21,0.0042840955,0.3848925,0.8492436,0.9422645,54492,40
75,77.55556,5.9E-05,0.0016168,3,450,72,0.009764333,0.4312904,0.8796196,0.92792124,17937,25
75,86.40777,8E-05,0.0023765,4,412,96,0.0074516106,0.29609427,0.8095635,0.8860091,50905,44
73,82.96837,4.28E-05,0.0028098,5,411,25,0.001715972,0.5307579,0.8415559,0.80548006,30507,21
79,89.01345,5.45E-05,0.0023319,4,446,55,0.0033021632,0.58915126,0.8563003,0.95696384,12240,23
73,80.665276,5E-05,0.0045058,5,481,26,0.0020250506,0.19914378,0.8196133,0.97756296,20335,35
75,80.46219,5.08E-05,0.0017424,3,476,92,0.008565807,0.22329625,0.84588915,0.984681,5639,34
74,79.13043,4.06E-05,0.0011778,3,345,54,0.0033805948,0.59656966,0.8696841,0.88428116,24770,21
65,78.43665,4.23E-05,0.0025447,4,371,17,0.0017537113,0.26445398,0.8995145,0.87949085,58854,33
76,82.76553,6.81E-05,0.0024144,3,499,83,0.0025007867,0.33396208,0.8442018,0.94883037,71094,44
78,79.0224,7.52E-05,0.0026124,4,491,72,0.005330784,0.32795262,0.8924624,0.9318308,35640,28
81,91.26214,7.92E-05,0.0029372,3,412,15,0.0068646013,0.5344163,0.84374845,0.87875974,94917,45
79,86.31579,7.21E-05,0.0029031,5,380,89,0.005946227,0.2606217,0.81149626,0.94704896,55779,43
73,81.51815,4.67E-05,0.001479,4,303,75,0.0027945682,0.20788388,0.8351494,0.8758539,89999,32
82,97.53694,8.27E-05,0.0040963,4,406,15,0.0077828593,0.572269,0.85540307,0.9739251,50958,46
77,94.00631,5.31E-05,0.0023198,5,317,21,0.0067059607,0.3893352,0.8954791,0.99820775,63601,25
73,84.8564,5.26E-05,0.0020536,4,383,94,0.0048739454,0.11385025,0.89922446,0.85109663,11975,48
77,73.15634,6.3E-05,0.0016524,5,339,94,0.0076133157,0.31321475,0.81114906,0.99170184,15693,24
81,92.68293,6.7E-05,0.0045178,5,369,12,0.006970081,0.17228265,0.80037653,0.9555758,87706,35
77,86.509636,6.55E-05,0.0028954,5,467,92,0.0024825784,0.29704165,0.87377983,0.82049865,84937,22
81,83.75,5.61E-05,0.0026727,5,320,42,0.0030803343,0.55394995,0.886209,0.9976285,62112,37
69,71.82662,4.22E-05,0.0014865,3,323,28,0.0029430552,0.4023027,0.81386405,0.90786916,82333,22
70,75.55067,6.03E-05,0.0023158,4,454,61,0.0016903903,0.24665482,0.8323205,0.97731113,98957,22
58,56.444443,5.36E-05,0.0015305,4,450,95,0.009756065,0.59826285,0.8894303,0.8116274,49276,21
67,73.81975,6.93E-05,0.0026571,4,466,77,0.009310543,0.2637305,0.89943075,0.9368321,26645,30
66,69.230774,7.1E-05,0.0017807,5,312,84,0.0076606516,0.3528194,0.8195063,0.8901919,28218,27
80,86.85446,5.44E-05,0.0027596,5,426,56,0.008438776,0.47209954,0.84552306,0.9333677,72324,22
82,80.0464,0.0001066,0.0031744,5,431,95,0.004564709,0.22876579,0.8971417,0.85476196,24198,47
77,93.05136,7.67E-05,0.0027332,4,331,41,0.009100203,0.31857252,0.82749075,0.9448046,17560,45
76,84.10405,8.76E-05,0.0027322,4,346,32,0.0066714715,0.116333775,0.8032603,0.8642749,50305,44
73,71.951225,9.1E-05,0.0023174,3,410,60,0.0039162333,0.48677135,0.882971,0.99833626,51684,47
69,84.51613,6.47E-05,0.002905,3,310,14,0.0028756384,0.4353933,0.8193987,0.99082917,20440,47
79,79.89276,5.68E-05,0.0024448,4,373,48,0.0068657706,0.10239869,0.8909439,0.9910502,99368,29
74,80.7571,8.75E-05,0.0024322,5,317,96,0.004270542,0.4245801,0.897254,0.99580395,9543,48
71,68.64608,6.69E-05,0.0017535,3,421,71,0.0029384445,0.2338862,0.8747495,0.8885597,53132,30
58,58.30986,6.2E-05,0.0013119,3,355,80,0.0022952233,0.15790197,0.8180672,0.8505347,77452,24
78,86.419754,5.82E-05,0.0033938,4,486,37,0.0030732113,0.20063068,0.8460106,0.8497798,55245,35
80,91.20879,7.86E-05,0.0031015,5,364,38,0.0064733317,0.5903005,0.87037265,0.9306526,93923,43
71,70,6.15E-05,0.0014909,3,420,89,0.0041461117,0.47669762,0.8700196,0.94971734,27341,28
77,77.4,6.86E-05,0.0028935,5,500,88,0.00860296,0.46970233,0.87107843,0.94969326,56445,36
76,79.02814,7.34E-05,0.0021399,4,391,58,0.008926036,0.14539485,0.87835747,0.97254467,92766,28
79,95.68965,4.57E-05,0.0026725,5,464,58,0.009314672,0.4578508,0.8433275,0.9585607,49540,22
69,66.36364,7.64E-05,0.0019685,3,440,63,0.0022595658,0.19104932,0.8901839,0.97212976,81606,41
68,82.53589,4.81E-05,0.0036523,5,418,16,0.0022732578,0.20712954,0.8120982,0.8013799,45226,21
80,82.9653,5.73E-05,0.0019149,4,317,36,0.009767189,0.17534064,0.8464709,0.92609394,28070,37
78,94.14141,8.29E-05,0.0025109,5,495,99,0.0068874806,0.5878491,0.88134,0.82658213,25421,22
55,57.82748,6.34E-05,0.0012609,3,313,32,0.0010227452,0.5002395,0.8318315,0.9862826,25491,22
73,82.825485,6.07E-05,0.0032906,4,361,13,0.0030287204,0.2764671,0.8581906,0.8027704,83584,30
73,88.93805,4.51E-05,0.0050221,5,452,17,0.003275162,0.39971167,0.83123416,0.85405236,80171,48
82,84.468666,6.3E-05,0.0024593,5,367,49,0.004664729,0.35263273,0.8066503,0.82742655,58748,21
77,86.80412,7.35E-05,0.0027218,4,485,35,0.007311216,0.22779581,0.83711696,0.92908186,93357,27
84,87.93104,6.06E-05,0.0025216,3,464,26,0.008790713,0.58510554,0.80817384,0.9959196,58064,27
77,77.47748,6.13E-05,0.0021207,5,333,100,0.007878542,0.18194425,0.89339316,0.8764174,73361,35
83,94.07745,6.15E-05,0.0055669,5,439,15,0.007045096,0.17781626,0.86486316,0.938973,95685,40
75,80.229225,6.67E-05,0.0021648,5,349,79,0.0073371404,0.14870588,0.8791002,0.8389957,47406,28
68,66.94444,5.17E-05,0.001207,3,360,80,0.007726536,0.30690774,0.8362545,0.80125403,88610,22
75,86.629524,6.61E-05,0.002543,5,359,86,0.0034952343,0.37812495,0.89377296,0.9827552,45534,35
83,91.768295,8.38E-05,0.0027191,5,328,46,0.009156147,0.13592453,0.82754135,0.8795148,5828,42
70,74.69586,7.13E-05,0.0026105,3,411,27,0.0015132665,0.24445193,0.8232814,0.87151283,49953,38
80,85.040985,6.36E-05,0.0049028,5,488,32,0.0017270426,0.30923963,0.8826046,0.90194106,78819,48
75,70.20058,4.79E-05,0.0013436,4,349,71,0.0069446694,0.48341206,0.8227618,0.81150174,48244,32
82,90.06211,4.56E-05,0.0022878,4,483,52,0.005981591,0.58473706,0.88690764,0.8422925,50760,20
75,85.06493,5.32E-05,0.0015843,3,308,23,0.007256628,0.42975125,0.86199,0.98345536,97245,35
67,72.41379,8.93E-05,0.003325,4,464,60,0.0018219153,0.13918488,0.89912057,0.8979471,63639,43
70,65.0685,6.31E-05,0.001675,3,438,93,0.0022458783,0.1031226,0.8668602,0.9616211,5336,37
77,80.666664,7.91E-05,0.0019649,3,450,59,0.005138069,0.31850645,0.83559704,0.84407294,42853,40
76,88.97849,4.55E-05,0.0028994,4,372,12,0.004494033,0.2620727,0.84122294,0.9406328,62321,21
80,83.29622,5.66E-05,0.0024796,4,449,68,0.0065186415,0.26264647,0.8292291,0.9063156,7150,37
73,85.84615,5.25E-05,0.0017383,4,325,63,0.006657157,0.23283839,0.89530605,0.84756833,11819,34
81,78.44828,5.55E-05,0.0017606,5,348,74,0.006555532,0.5968262,0.8174269,0.97054577,65279,20
81,85.68376,7.11E-05,0.0031842,5,468,84,0.00850984,0.564671,0.8489784,0.9206081,54232,44
70,79.80769,7.53E-05,0.0019226,4,312,98,0.0020865998,0.53253365,0.83456874,0.9253994,70422,41
82,92,9.47E-05,0.002899,4,500,61,0.007943669,0.51582927,0.81748056,0.96282744,67563,30
71,69.5,7.31E-05,0.0016652,4,400,82,0.0068672732,0.23535988,0.86732304,0.91541266,45623,28
75,83.21168,5.24E-05,0.0023986,4,411,40,0.003492404,0.17402616,0.8407584,0.9909211,48916,26
82,93.03483,6.27E-05,0.0040523,4,402,12,0.009325332,0.31976014,0.8126574,0.97371215,44907,41
78,81.666664,4.89E-05,0.0018394,5,360,63,0.007998824,0.574947,0.86488056,0.9759993,61363,24
73,87.6161,5.06E-05,0.0025178,5,323,16,0.002069836,0.47866732,0.88865185,0.9029353,78779,29
73,77.960526,4.63E-05,0.0013438,4,304,46,0.005108719,0.15910612,0.8076138,0.81958926,39571,30
69,92.28487,5.56E-05,0.0035046,5,337,13,0.008636909,0.19139144,0.8781074,0.81087416,54319,44
68,65.346535,4.64E-05,0.0007733,3,303,83,0.0064984723,0.59703416,0.89017606,0.9288194,52294,29
71,69.27711,3.75E-05,0.0009948,3,332,50,0.0021365366,0.3277391,0.88595724,0.85088,47544,26
84,88.94349,4.52E-05,0.0022757,4,407,36,0.004897104,0.3171891,0.8227984,0.8681729,21569,39
73,73.42857,4.6E-05,0.0012456,3,350,78,0.003273379,0.42705488,0.84678966,0.92137617,45762,39
80,81.94131,7.29E-05,0.0024005,5,443,64,0.0070501138,0.44625577,0.8264352,0.92103946,25501,43
72,86.25593,3.06E-05,0.0020086,4,422,17,0.0040401276,0.38767254,0.8030669,0.9189255,76634,22
80,90.0232,6.89E-05,0.0028187,5,431,45,0.008352989,0.24924983,0.8771597,0.88198656,81822,46
73,62.53521,6.52E-05,0.0014419,4,355,92,0.0041967724,0.16814224,0.803255,0.95584667,29605,45
73,74.13395,3.89E-05,0.0014792,4,433,92,0.0033998536,0.59874815,0.8828826,0.98346305,90709,22
81,94.66119,3.91E-05,0.0034083,5,487,15,0.004950274,0.5850428,0.88756627,0.892452,29494,28
83,82.1256,5.83E-05,0.0021261,5,414,61,0.007963984,0.2747236,0.84227747,0.889925,24497,30
67,72.491905,4.81E-05,0.002112,5,309,39,0.0021411288,0.4069251,0.89047754,0.8573704,37304,39
75,83.62069,3.2E-05,0.0011324,3,464,56,0.009470202,0.3159046,0.8667681,0.8236835,62354,20
76,83.14351,5.58E-05,0.0013284,3,439,68,0.005860117,0.28859213,0.8821184,0.8696129,44824,37
79,81.402435,4.87E-05,0.0020006,5,328,37,0.004464704,0.3462231,0.84022427,0.9345082,86881,30
70,82.90598,3.8E-05,0.0020671,5,468,65,0.0023505455,0.3555356,0.83189,0.96418035,26698,20